0 1
0 2
1 2
3 4
3 5
4 5
6 7
6 8
7 8
9 10
9 11
10 11
12 13
12 14
13 14
15 16
15 17
16 17
18 19
18 20
19 20
21 22
21 23
22 23
24 25
24 26
25 26
27 28
27 29
28 29
30 31
30 32
31 32
33 34
33 35
34 35
36 37
36 38
37 38
39 40
39 41
40 41
42 43
42 44
43 44
45 46
45 47
46 47
48 49
48 50
49 50
51 52
51 53
52 53
54 55
54 56
55 56
57 58
57 59
58 59
60 61
60 62
61 62
63 64
63 65
64 65
66 67
66 68
67 68
69 70
69 71
70 71
72 73
72 74
73 74
75 76
75 77
76 77
78 79
78 80
79 80
81 82
81 83
82 83
84 85
84 86
85 86
87 88
87 89
88 89
90 91
90 92
91 92
93 94
93 95
94 95
96 97
96 98
97 98
99 100
99 101
100 101
102 103
102 104
103 104
105 106
105 107
106 107
108 109
108 110
109 110
111 112
111 113
112 113
114 115
114 116
115 116
117 118
117 119
118 119
120 121
120 122
121 122
123 124
123 125
124 125
126 127
126 128
127 128
129 130
129 131
130 131
132 133
132 134
133 134
135 136
135 137
136 137
138 139
138 140
139 140
141 142
141 143
142 143
144 145
144 146
145 146
147 148
147 149
148 149
150 151
150 152
151 152
153 154
153 155
154 155
156 157
156 158
157 158
159 160
159 161
160 161
162 163
162 164
163 164
165 166
165 167
166 167
168 169
168 170
169 170
171 172
171 173
172 173
174 175
174 176
175 176
177 178
177 179
178 179
180 181
180 182
181 182
183 184
183 185
184 185
186 187
186 188
187 188
189 190
189 191
190 191
192 193
192 194
193 194
195 196
195 197
196 197
198 199
198 200
199 200
201 202
201 203
202 203
204 205
204 206
205 206
207 208
207 209
208 209
210 211
210 212
211 212
213 214
213 215
214 215
216 217
216 218
217 218
219 220
219 221
220 221
222 223
222 224
223 224
225 226
225 227
226 227
228 229
228 230
229 230
231 232
231 233
232 233
234 235
234 236
235 236
237 238
237 239
238 239
240 241
240 242
241 242
243 244
243 245
244 245
246 247
246 248
247 248
249 250
249 251
250 251
252 253
252 254
253 254
255 256
255 257
256 257
258 259
258 260
259 260
261 262
261 263
262 263
264 265
264 266
265 266
267 268
267 269
268 269
270 271
270 272
271 272
273 274
273 275
274 275
276 277
276 278
277 278
279 280
279 281
280 281
282 283
282 284
283 284
285 286
285 287
286 287
288 289
288 290
289 290
291 292
291 293
292 293
294 295
294 296
295 296
297 298
297 299
298 299
300 301
300 302
301 302
303 304
303 305
304 305
306 307
306 308
307 308
309 310
309 311
310 311
312 313
312 314
313 314
315 316
315 317
316 317
318 319
318 320
319 320
321 322
321 323
322 323
324 325
324 326
325 326
327 328
327 329
328 329
330 331
330 332
331 332
333 334
333 335
334 335
336 337
336 338
337 338
339 340
339 341
340 341
342 343
342 344
343 344
345 346
345 347
346 347
348 349
348 350
349 350
351 352
351 353
352 353
354 355
354 356
355 356
357 358
357 359
358 359
360 361
360 362
361 362
363 364
363 365
364 365
366 367
366 368
367 368
369 370
369 371
370 371
372 373
372 374
373 374
375 376
375 377
376 377
378 379
378 380
379 380
381 382
381 383
382 383
384 385
384 386
385 386
387 388
387 389
388 389
390 391
390 392
391 392
393 394
393 395
394 395
396 397
396 398
397 398
399 400
399 401
400 401
402 403
402 404
403 404
405 406
405 407
406 407
408 409
408 410
409 410
411 412
411 413
412 413
414 415
414 416
415 416
417 418
417 419
418 419
420 421
420 422
421 422
423 424
423 425
424 425
426 427
426 428
427 428
429 430
429 431
430 431
432 433
432 434
433 434
435 436
435 437
436 437
438 439
438 440
439 440
441 442
441 443
442 443
444 445
444 446
445 446
447 448
447 449
448 449
450 451
450 452
451 452
453 454
453 455
454 455
456 457
456 458
457 458
459 460
459 461
460 461
462 463
462 464
463 464
465 466
465 467
466 467
468 469
468 470
469 470
471 472
471 473
472 473
474 475
474 476
475 476
477 478
477 479
478 479
480 481
480 482
481 482
483 484
483 485
484 485
486 487
486 488
487 488
489 490
489 491
490 491
492 493
492 494
493 494
495 496
495 497
496 497
498 499
498 500
499 500
501 502
501 503
502 503
504 505
504 506
505 506
507 508
507 509
508 509
510 511
510 512
511 512
513 514
513 515
514 515
516 517
516 518
517 518
519 520
519 521
520 521
522 523
522 524
523 524
525 526
525 527
526 527
528 529
528 530
529 530
531 532
531 533
532 533
534 535
534 536
535 536
537 538
537 539
538 539
540 541
540 542
541 542
543 544
543 545
544 545
546 547
546 548
547 548
549 550
549 551
550 551
552 553
552 554
553 554
555 556
555 557
556 557
558 559
558 560
559 560
561 562
561 563
562 563
564 565
564 566
565 566
567 568
567 569
568 569
570 571
570 572
571 572
573 574
573 575
574 575
576 577
576 578
577 578
579 580
579 581
580 581
582 583
582 584
583 584
585 586
585 587
586 587
588 589
588 590
589 590
591 592
591 593
592 593
594 595
594 596
595 596
597 598
597 599
598 599
600 870
600 885
600 899
600 953
600 968
600 984
601 818
601 890
601 992
602 917
602 919
602 970
602 974
603 867
603 981
603 984
604 823
604 828
604 844
605 812
605 950
605 959
606 821
606 879
606 958
606 989
608 807
608 859
608 948
608 976
609 832
609 916
609 920
610 878
610 995
611 809
611 862
611 883
611 969
611 981
611 986
612 828
612 949
612 955
612 966
613 823
613 838
613 889
613 941
614 875
614 930
614 948
615 842
615 852
615 858
615 901
615 903
615 956
615 991
616 886
616 898
617 808
617 862
617 870
617 952
617 970
617 972
617 994
617 999
618 913
618 947
618 955
619 836
619 913
619 920
619 951
619 982
620 821
620 835
620 840
620 847
620 884
620 941
620 956
621 861
621 872
622 871
622 880
623 855
623 857
623 858
623 901
623 911
623 920
623 969
623 992
623 993
624 824
624 960
625 818
625 913
625 975
625 994
626 803
626 823
627 860
627 863
627 897
627 910
627 948
627 952
627 960
627 972
628 819
629 816
629 824
629 827
629 835
629 866
629 918
629 919
629 939
629 997
629 999
630 945
630 965
630 984
630 990
631 807
631 896
631 916
631 919
631 984
632 832
632 849
632 921
632 944
632 959
632 963
632 989
633 803
633 823
633 889
633 938
633 971
634 867
634 899
634 918
635 863
635 908
635 960
636 818
636 859
636 867
636 904
637 806
637 833
637 952
638 859
638 868
638 926
638 944
639 848
639 855
639 860
639 861
639 869
639 906
639 911
639 927
639 960
639 980
640 800
640 879
640 912
640 916
640 974
640 979
641 845
641 879
641 884
641 938
641 989
642 865
642 897
642 919
642 977
643 844
643 968
644 828
644 851
645 877
645 929
645 948
645 987
645 988
646 812
646 871
646 924
647 813
648 865
648 932
649 848
649 855
649 875
649 880
649 983
650 839
650 908
652 817
652 868
653 910
653 950
653 971
653 983
654 816
654 890
654 930
654 938
654 945
654 964
654 967
655 859
656 835
656 845
656 851
656 975
657 806
657 835
657 850
657 965
657 966
657 998
658 808
658 892
658 955
658 991
658 997
659 825
659 920
659 929
659 998
660 842
660 892
660 903
660 937
660 961
661 814
661 844
661 945
661 981
662 826
662 837
662 841
662 878
662 916
662 921
662 935
663 830
663 851
663 857
663 868
663 948
664 806
664 820
664 859
664 882
664 916
664 922
664 941
665 917
665 970
665 996
666 852
666 887
666 897
667 809
667 813
667 886
667 901
667 916
667 929
667 935
667 960
667 969
668 800
668 816
668 947
668 979
669 878
669 885
669 906
669 911
669 928
669 957
669 963
670 802
670 811
670 848
670 862
670 912
670 985
671 801
671 817
671 846
671 952
671 971
672 825
672 954
672 979
672 985
673 860
673 908
673 912
673 973
673 980
673 998
674 820
674 978
675 805
675 855
675 856
675 883
675 911
675 941
675 960
675 979
676 807
676 929
676 950
676 963
676 992
677 821
677 850
677 873
677 903
677 926
677 956
677 975
678 858
678 952
679 912
679 970
680 814
680 861
680 902
680 969
681 938
681 990
681 993
682 848
682 862
682 925
682 954
683 854
683 996
684 807
684 818
684 825
684 890
684 938
684 959
684 998
685 823
685 862
685 882
685 905
685 941
686 807
686 994
687 803
687 828
687 852
687 871
687 929
688 908
688 936
688 950
689 904
689 964
690 856
690 908
690 999
691 853
691 860
691 888
691 895
691 947
692 878
692 959
692 962
693 810
693 841
693 910
693 935
693 987
694 817
694 842
694 855
694 872
694 890
694 921
694 939
694 949
695 995
696 901
696 916
697 824
697 871
697 881
697 898
697 922
697 946
697 952
697 958
697 973
698 848
698 923
698 947
698 977
699 886
699 907
700 951
701 966
702 815
702 884
702 892
702 925
702 971
703 931
703 977
703 978
703 985
704 848
704 871
704 883
704 915
704 924
705 806
705 811
705 813
705 919
705 944
705 977
706 904
706 955
707 856
707 899
707 925
707 950
707 968
707 970
708 952
708 976
709 878
709 940
709 949
709 969
710 832
710 837
710 988
711 800
711 888
711 955
711 987
712 820
712 825
712 887
712 932
713 913
713 941
713 956
713 972
714 840
714 937
714 950
715 830
715 862
715 866
715 913
716 818
716 883
716 894
716 906
716 962
717 880
717 889
717 937
717 981
718 812
718 863
718 897
718 963
719 906
719 913
719 935
719 979
720 804
720 874
720 922
720 932
721 956
721 980
721 988
722 928
723 854
723 875
723 888
723 919
723 920
724 807
724 854
724 856
725 838
725 864
725 914
725 942
725 957
726 873
726 883
726 902
727 901
727 949
728 869
728 951
728 995
729 867
729 955
729 965
730 829
730 902
730 926
730 980
731 860
731 969
732 848
733 880
733 897
733 924
733 937
733 966
734 916
734 952
735 840
736 806
736 832
736 986
736 996
737 831
737 854
737 867
737 914
737 991
737 995
737 998
738 803
738 809
738 833
738 864
738 918
738 926
739 809
739 822
739 840
739 980
740 800
740 825
740 833
740 842
741 803
741 819
741 837
741 858
741 876
741 904
741 935
742 802
742 863
742 893
742 969
742 995
743 802
743 850
743 883
743 904
743 952
744 810
744 855
744 969
744 975
745 956
745 958
746 872
746 898
747 849
747 921
747 973
748 955
748 968
749 897
749 911
749 944
750 805
750 856
750 882
750 969
750 994
751 868
751 908
752 810
752 958
753 810
753 830
753 930
754 806
754 856
754 867
755 908
755 955
756 856
757 945
758 817
758 820
758 864
758 892
758 991
759 944
759 977
760 854
760 861
760 913
760 983
761 947
761 955
761 975
762 843
762 848
762 908
762 918
762 925
762 958
762 980
763 828
763 867
763 870
763 895
763 952
764 909
764 917
765 810
765 816
765 825
765 876
765 891
765 982
766 810
766 895
766 904
766 913
767 825
767 839
767 882
767 935
767 976
768 849
768 901
768 910
768 921
768 974
769 806
769 826
769 902
769 948
769 966
770 826
770 935
771 826
771 829
771 850
771 897
771 973
771 983
771 988
771 990
772 867
772 879
772 901
772 936
772 947
772 967
772 991
773 937
773 985
773 989
773 993
774 846
774 861
774 863
774 937
774 965
775 859
775 873
775 962
775 984
776 838
776 847
776 851
776 877
776 921
776 942
776 952
776 960
778 805
778 861
778 898
778 908
778 924
778 932
778 938
778 987
778 997
779 870
779 877
779 903
779 916
779 939
780 817
780 909
781 961
782 879
783 850
783 874
783 880
783 924
783 966
784 829
784 867
784 904
784 929
784 996
785 946
786 813
786 880
786 886
787 924
788 826
788 938
788 939
789 825
789 923
789 988
790 921
790 927
790 940
790 941
790 943
790 986
791 834
791 844
791 886
791 906
791 938
791 945
791 949
791 983
792 818
792 860
792 863
792 868
792 907
792 918
792 925
793 807
793 844
793 857
793 927
793 986
794 813
794 840
794 861
794 924
794 940
795 853
795 886
795 939
795 941
795 947
795 972
796 818
796 964
796 999
797 827
797 833
797 871
797 906
797 949
798 814
799 908
799 935
799 990
