0 1
0 2
0 3
0 4
5 6
6 7
8 9
10 11
10 14
11 12
12 13
13 14
15 16
15 17
15 18
19 20
20 21
21 22
23 24
24 25
25 26
27 28
27 29
28 29
30 31
30 34
31 32
32 33
33 34
35 36
36 37
38 39
38 40
38 41
38 42
43 44
43 47
44 45
45 46
46 47
48 49
48 50
48 51
48 52
49 50
49 51
49 52
50 51
50 52
51 52
53 54
53 55
53 56
54 55
54 56
55 56
57 58
58 59
60 61
61 62
62 63
63 64
65 66
65 67
66 67
67 68
69 70
71 72
73 74
74 75
76 77
77 78
78 79
80 81
81 82
82 83
84 85
84 86
84 87
85 86
85 87
86 87
88 89
89 90
90 91
91 92
93 94
95 96
95 97
95 98
96 97
96 98
97 98
99 100
100 101
101 102
103 104
103 107
104 105
105 106
106 107
108 109
108 110
108 111
108 112
113 114
113 117
114 115
115 116
116 117
118 119
118 120
118 121
119 120
119 121
120 121
122 123
122 124
123 124
124 125
126 127
127 128
128 129
130 131
130 132
130 133
131 132
131 133
134 135
135 136
136 137
137 138
139 140
139 141
139 142
143 144
143 146
144 145
144 147
145 146
145 147
148 149
148 150
148 151
148 152
149 150
151 152
153 154
155 156
155 158
156 157
156 159
157 158
157 159
160 161
160 163
161 162
161 164
162 163
162 164
165 166
165 167
166 167
168 169
168 172
169 170
170 171
171 172
173 174
173 175
174 175
175 176
177 178
177 180
178 179
179 180
181 182
181 183
181 184
185 186
185 187
186 187
188 189
189 190
190 191
192 193
192 195
193 194
193 196
194 195
194 196
197 198
197 200
198 199
199 200
201 202
202 203
204 205
205 206
207 208
207 209
208 209
209 210
211 212
212 213
214 215
214 217
215 216
216 217
218 219
218 220
218 221
218 222
219 220
221 222
223 224
223 226
224 225
225 226
227 228
228 229
229 230
230 231
232 233
232 234
232 235
236 237
236 239
237 238
237 240
238 239
238 240
241 242
243 244
243 247
244 245
245 246
246 247
248 249
248 250
248 251
249 250
249 251
252 253
252 254
252 255
253 254
253 255
254 255
256 257
257 258
259 260
259 261
259 262
259 263
260 261
260 262
260 263
261 262
261 263
262 263
264 265
264 266
265 266
266 267
268 269
269 270
271 272
271 273
271 274
272 273
272 274
273 274
275 276
275 277
275 278
279 280
279 281
279 282
279 283
280 281
282 283
284 285
284 286
284 287
284 288
289 290
290 291
291 292
292 293
294 295
294 296
294 297
294 298
295 296
295 297
295 298
296 297
296 298
297 298
299 300
299 301
299 302
299 303
300 301
302 303
304 305
304 307
305 306
306 307
308 309
309 310
310 311
311 312
313 314
314 315
315 316
317 318
317 321
318 319
319 320
320 321
322 323
323 324
325 326
327 328
327 329
327 330
327 331
332 333
333 334
334 335
336 337
336 339
337 338
337 340
338 339
338 340
341 342
341 343
341 344
345 346
346 347
348 349
348 350
348 351
348 352
349 350
351 352
353 354
354 355
355 356
357 358
357 359
357 360
357 361
358 359
360 361
362 363
363 364
365 366
365 367
366 367
367 368
369 370
369 371
369 372
373 374
373 375
373 376
374 375
374 376
377 378
377 379
377 380
377 381
382 383
382 384
382 385
382 386
383 384
385 386
387 388
387 390
388 389
389 390
391 392
391 393
392 393
394 395
394 397
395 396
396 397
398 399
398 401
399 400
400 401
402 403
403 404
404 405
406 407
406 408
406 409
406 410
411 412
411 413
411 414
415 416
415 419
416 417
417 418
418 419
420 421
420 422
420 423
420 424
421 422
421 423
421 424
422 423
422 424
423 424
425 426
425 427
425 428
425 429
430 431
430 432
430 433
430 434
435 436
436 437
438 439
439 440
440 441
441 442
443 444
443 445
443 446
443 447
448 449
448 450
449 450
451 452
451 453
451 454
452 453
452 454
453 454
455 456
455 459
456 457
457 458
458 459
460 461
461 462
462 463
464 465
464 466
465 466
467 468
467 469
467 470
468 469
468 470
471 472
471 473
472 473
473 474
475 476
475 477
475 478
479 480
479 481
479 482
479 483
480 481
480 482
480 483
481 482
481 483
482 483
484 485
484 486
484 487
484 488
489 490
489 493
490 491
491 492
492 493
494 495
494 496
494 497
495 496
495 497
496 497
498 499
499 500
500 501
502 503
502 504
502 505
502 506
507 508
507 510
508 509
509 510
511 512
511 513
511 514
511 515
512 513
514 515
516 517
516 519
517 518
517 520
518 519
518 520
521 522
521 524
522 523
522 525
523 524
523 525
526 527
528 529
529 530
530 531
532 533
532 534
532 535
532 536
533 534
535 536
537 538
539 540
539 542
540 541
540 543
541 542
541 543
544 545
544 547
545 546
546 547
548 549
548 550
549 550
550 551
552 553
552 554
552 555
556 557
557 558
559 560
560 561
561 562
563 564
563 565
563 566
563 567
564 565
564 566
564 567
565 566
565 567
566 567
568 569
569 570
570 571
571 572
573 574
573 575
573 576
573 577
574 575
574 576
574 577
575 576
575 577
576 577
578 579
578 582
579 580
580 581
581 582
583 584
583 586
584 585
585 586
587 588
588 589
589 590
591 592
591 593
591 594
591 595
596 597
596 598
596 599
597 598
597 599
600 601
600 602
601 602
602 603
604 605
604 606
604 607
604 608
605 606
605 607
605 608
606 607
606 608
607 608
609 610
609 611
609 612
609 613
610 611
610 612
610 613
611 612
611 613
612 613
614 615
614 616
614 617
614 618
619 620
619 621
619 622
620 621
620 622
623 624
623 625
624 625
626 627
626 628
626 629
630 631
630 632
631 632
633 634
634 635
635 636
637 638
637 641
638 639
639 640
640 641
642 643
642 644
642 645
643 644
643 645
644 645
646 647
646 648
646 649
647 648
647 649
648 649
650 651
650 652
650 653
654 655
654 658
655 656
656 657
657 658
659 660
660 661
661 662
662 663
664 665
664 666
665 666
666 667
668 669
668 670
668 671
668 672
669 670
669 671
669 672
670 671
670 672
671 672
673 674
674 675
675 676
676 677
678 679
678 680
679 680
680 681
682 683
682 685
683 684
684 685
686 687
687 688
688 689
690 691
690 692
691 692
693 694
693 695
693 696
694 695
694 696
695 696
697 698
697 699
697 700
698 699
698 700
701 702
702 703
704 705
704 707
705 706
705 708
706 707
706 708
709 710
711 712
711 713
711 714
711 715
712 713
714 715
716 717
717 718
719 720
719 721
720 721
722 723
722 724
722 725
722 726
727 728
727 729
728 729
730 731
730 733
731 732
731 734
732 733
732 734
735 736
735 737
735 738
735 739
740 741
740 742
741 742
742 743
744 745
745 746
746 747
747 748
749 750
750 751
752 753
752 754
753 754
754 755
756 757
756 758
757 758
758 759
760 761
761 762
762 763
763 764
765 766
765 767
765 768
766 767
766 768
769 770
769 771
769 772
770 771
770 772
771 772
773 774
773 775
773 776
777 778
777 779
777 780
778 779
778 780
779 780
781 782
781 783
781 784
781 785
782 783
784 785
786 787
788 789
788 790
788 791
788 792
793 794
793 797
794 795
795 796
796 797
798 799
799 800
801 802
801 803
801 804
801 805
806 807
806 808
806 809
806 810
807 808
807 809
807 810
808 809
808 810
809 810
811 812
811 813
811 814
812 813
812 814
813 814
815 816
815 818
816 817
816 819
817 818
817 819
820 821
820 822
820 823
824 825
824 827
825 826
825 828
826 827
826 828
829 830
829 831
829 832
829 833
834 835
834 837
835 836
836 837
838 839
839 840
841 842
841 843
841 844
845 846
845 847
846 847
847 848
849 850
849 851
850 851
852 853
852 854
852 855
853 854
853 855
856 857
858 859
858 862
859 860
860 861
861 862
863 864
863 865
863 866
863 867
864 865
864 866
864 867
865 866
865 867
866 867
868 869
868 872
869 870
870 871
871 872
873 874
873 875
873 876
877 878
877 879
877 880
878 879
878 880
879 880
881 882
881 884
882 883
882 885
883 884
883 885
886 887
886 888
887 888
889 890
889 891
889 892
890 891
890 892
891 892
893 894
893 895
893 896
893 897
894 895
894 896
894 897
895 896
895 897
896 897
898 899
899 900
901 902
901 903
901 904
901 905
902 903
904 905
906 907
906 908
906 909
906 910
911 912
911 913
911 914
915 916
915 917
915 918
915 919
916 917
918 919
920 921
920 922
920 923
920 924
925 926
925 927
925 928
926 927
926 928
927 928
929 930
930 931
931 932
932 933
934 935
935 936
936 937
938 939
938 940
939 940
941 942
941 944
942 943
943 944
945 946
945 948
946 947
946 949
947 948
947 949
950 951
950 952
951 952
953 954
953 955
953 956
954 955
954 956
955 956
957 958
957 960
958 959
958 961
959 960
959 961
962 963
962 964
962 965
962 966
963 964
963 965
963 966
964 965
964 966
965 966
967 968
967 969
967 970
968 969
968 970
969 970
971 972
971 973
971 974
971 975
972 973
972 974
972 975
973 974
973 975
974 975
976 977
978 979
979 980
980 981
981 982
983 984
983 986
984 985
985 986
987 988
987 989
987 990
988 989
988 990
991 992
993 994
994 995
996 997
996 998
996 999
996 1000
997 998
997 999
997 1000
998 999
998 1000
999 1000
1001 1002
1001 1004
1002 1003
1003 1004
1005 1006
1005 1007
1005 1008
1005 1009
1006 1007
1006 1008
1006 1009
1007 1008
1007 1009
1008 1009
1010 1011
1010 1012
1010 1013
1010 1014
1011 1012
1013 1014
1015 1016
1015 1018
1016 1017
1016 1019
1017 1018
1017 1019
1020 1021
1020 1022
1020 1023
1024 1025
1025 1026
1026 1027
1028 1029
1030 1031
1031 1032
1032 1033
1034 1035
1034 1036
1034 1037
1034 1038
1035 1036
1035 1037
1035 1038
1036 1037
1036 1038
1037 1038
1039 1040
1040 1041
1041 1042
1042 1043
1044 1045
1045 1046
1047 1048
1048 1049
1050 1051
1050 1054
1051 1052
1052 1053
1053 1054
1055 1056
1055 1057
1055 1058
1056 1057
1056 1058
1059 1060
1059 1061
1059 1062
1059 1063
1060 1061
1062 1063
1064 1065
1065 1066
1067 1068
1067 1070
1068 1069
1068 1071
1069 1070
1069 1071
1072 1073
1072 1074
1072 1075
1073 1074
1073 1075
1074 1075
1076 1077
1076 1079
1077 1078
1077 1080
1078 1079
1078 1080
1081 1082
1081 1083
1082 1083
1084 1085
1084 1086
1085 1086
1087 1088
1087 1089
1087 1090
1087 1091
1092 1093
1092 1094
1092 1095
1093 1094
1093 1095
1096 1097
1096 1098
1096 1099
1097 1098
1097 1099
1098 1099
1100 1101
1100 1102
1101 1102
1103 1104
1103 1105
1103 1106
1107 1108
1107 1109
1107 1110
1108 1109
1108 1110
1109 1110
1111 1112
1111 1113
1111 1114
1111 1115
1112 1113
1114 1115
1116 1117
1117 1118
1118 1119
1119 1120
1121 1122
1121 1123
1122 1123
1123 1124
1125 1126
1126 1127
1127 1128
1129 1130
1129 1131
1129 1132
1129 1133
1130 1131
1130 1132
1130 1133
1131 1132
1131 1133
1132 1133
1134 1135
1134 1136
1134 1137
1135 1136
1135 1137
1136 1137
1138 1139
1138 1141
1139 1140
1139 1142
1140 1141
1140 1142
1143 1144
1143 1147
1144 1145
1145 1146
1146 1147
1148 1149
1148 1152
1149 1150
1150 1151
1151 1152
1153 1154
1154 1155
1155 1156
1157 1158
1157 1161
1158 1159
1159 1160
1160 1161
1162 1163
1162 1164
1162 1165
1166 1167
1166 1168
1167 1168
1168 1169
1170 1171
1170 1172
1170 1173
1170 1174
1175 1176
1175 1177
1175 1178
1175 1179
1180 1181
1180 1183
1181 1182
1182 1183
1184 1185
1184 1186
1184 1187
1185 1186
1185 1187
1188 1189
1188 1190
1188 1191
1188 1192
1189 1190
1189 1191
1189 1192
1190 1191
1190 1192
1191 1192
1193 1194
1193 1195
1193 1196
1194 1195
1194 1196
1195 1196
1197 1198
1197 1199
1197 1200
1198 1199
1198 1200
1201 1202
1202 1203
1204 1205
1205 1206
1206 1207
1208 1209
1209 1210
1210 1211
1212 1213
1213 1214
1215 1216
1215 1218
1216 1217
1217 1218
1219 1220
1221 1222
1222 1223
1223 1224
1224 1225
1226 1227
1226 1228
1226 1229
1227 1228
1227 1229
1228 1229
1230 1231
1231 1232
1232 1233
1234 1235
1235 1236
1236 1237
1237 1238
1239 1240
1240 1241
1241 1242
